1	’	3
2	\n的技能已经删除了。	4
3	\n\n很抱歉，你的钱不够了。	12
4	\n\n很抱歉，学习此技能的技能栏位不足。	12
5	\n的技能已学会了。	12
6	\n\n很抱歉这个技能并不适合你。	12
7	\n\n真的要把此技能删除掉吗？	12
8	\n\n这个技能已经学过了。	0
9	你有什么事吗？	3
10	快给我说清楚，你到底是学还是不学？	12
11	连击便是在战斗时可以对敌人做出数次物理攻击的技能。	3
12	请选出想忘掉的技能。	3
13	\n\n‘	3
20	你要不要学习‘治疗’？	3
21	\n你要放在哪个栏位？	3
22	‘治疗’就是不管是冒险者还是宠物，都可以治好他的伤的技能。	13
23	请选择想忘记的技能。	3
30	\n我们在募集想当铁匠的人。	0
32	性别年龄不拘！肯吃苦耐劳的你愿不愿意试着学习打铁技能呢？如果你觉得不错的话请一定要当铁匠哦！	1
33	\n我们在募集想当樵夫的人。	0
34	性别年龄不拘！肯吃苦耐劳的你愿不愿意试着学习伐木技能呢？如果你觉得不错的话请一定要当樵夫哦！	11
35	\n我们在募集想当矿工的人。	1
36	性别年龄不拘！肯吃苦耐劳的你愿不愿意试着学习挖矿技能呢？如果你觉得不错的话请一定要当矿工哦！	3
37	\n在这里想当猎人的人，都还只是在初学的阶段而已。	3
38	如果你想当猎人的话，要不要试试看呀？\n我可以教你一些简单的概念。	12
39	\n你想记在哪里？	3
40	\n选择想忘记的技能	3
50	\n你希望我教你连击的技能吗？	3
51	\n真的可以吗？	3
52	可同时进行两次以上的攻击，其中一次的打击力会比较低。\n装备弓、回力镖、小刀时无法使用。	3
53	\n想忘记哪个技能？	3
54		0
55	\n我自创的招式“诸刃”你想学吗？	3
56	\n你想记在哪里？	3
57	牺牲防御力和精神力来提升攻击力的战斗技能。\n装备回力镖、小刀时无法使用。	3
58	\n想忘记哪个技能？	3
59		0
60	\n集气攻击	3
61	\n你想记在哪里？	3
62	在数回合内无法作任何攻击，但是集气完毕后攻击力会上升。	3
63	\n想忘记哪个技能？	3
64		0
65	\n我的绝招连岩石都可以粉碎！怎样？要学吗？	3
66	\n你想记在哪里？	3
67	这是牺牲命中率来使出必杀的一击之战斗系技能。\n装备回力镖、小刀时无法使用。	3
68	\n想忘记哪个技能？	3
69		0
70	\n这是应用气功力量的招式，想学吗？	3
71	\n你想记在哪里？	3
72	合掌集气，便可以无视前后列关系以气功弹对复数敌人进行攻击。\n只有没装武器时才能使用。	3
73	\n你想忘记哪个技能？	3
74		0
75	\n如果打不赢何不退一步看看？呵呵呵！	3
76	\n你想记在哪里？	3
77	这招能给处于防御中的敌人很大的打击。\n装备弓、回力镖、小刀时无法使用。	3
78	\n呵呵呵．．．想忘记哪个技能？	3
79		0
80	\n这招叫气力夺取技。呵呵呵。	3
81	\n你想记在哪里？	3
82	能减少对手的魔法力。\n装备弓、回力镖、小刀时无法使用。	3
83	\n想忘记哪个技能？	3
84		0
85	\n真正的勇气是必须先克服恐怖。	3
86	\n你想记在哪里？	3
87	当所选对手成为直接攻击的对象时，将代替他受伤。	3
88	\n想忘记哪个技能？	3
89		0
90	\n这招可防御任何攻击。	3
91	\n你想记在哪里？	3
92	能减轻受到来自物理和魔法的打击。\n只有在装备盾的时候可以使用。	3
93	\n想忘记哪个技能？	3
94		0
95	\n这招是在战斗时集中回避的技能。	3
96	\n想学吗？	3
97	减少防御力以提升回避率。	3
98	\n想忘记哪个技能？	3
99		0
100	\n心静自然凉。	3
101	\n你想记在哪里？	3
102	可减轻来自魔法的打击。	3
103	\n想忘记哪个技能？	3
104		0
105	\n敌人“啪”的一声打过来，你就“啪啪”的加倍打回去。	3
106	\n你想记在哪里？	3
107	受到物理攻击时可进行反击。\n装备弓、回力镖、小刀时无法使用。	3
108	\n想忘记哪个技能？	3
109		0
110	\n谢谢你来救我。为了答谢你，我教你明镜止水的技能吧！	3
111	\n我想接下来我应该可以自己逃出去了。谢谢你救我。	3
112	集中精神恢复生命力。	3
113	\n想忘记哪个技能？快点吧！	3
114		0
115	\n要抗毒只有这招才有效。	3
116	\n你想记在哪里？	3
117	抗毒耐性技能	3
118	\n想忘记哪个技能？	3
119		0
120	\n当你想睡的时候也并非是无技可施的。	3
121	\n你想记在哪里？	3
122	抗催眠耐性技能	3
123	\n想忘记哪个技能？	3
124		0
125	\n要抗石化便非学此招不可。	3
126	\n你想记在哪里？	3
127	抗石化耐性技能	3
128	\n想忘记哪个技能？	3
129		0
130	\n这是应酬的必须品。	3
131	\n你想记在哪里？	3
132	\n抗醉耐性技能	3
133	\n想忘记哪个技能？	3
134		0
135	\n我们不该为周遭人带来麻烦。	3
136	\n你想记在哪里？	3
137	抗混乱耐性技能	3
138	\n想忘记哪个技能？	3
139		0
140	\n给不想忘记重要回忆的你。	3
141	\n你想记在哪里？	3
142	抗忘却耐性技能	3
143	\n想忘记哪个技能？	3
144		0
145	教大地鼠陨石魔法的人就是我喔！\n嘿嘿嘿！	3
146	\n你想记在哪里？	3
147	呼唤陨石，攻击单体敌人。	3
148	\n想忘记哪个技能？	3
149		0
150	\n身为魔术师怎么可以不会用水魔法呢？	3
151	\n你想记在哪里？	3
152	冻结水份，攻击单体敌人。	3
153	\n想忘记哪个技能？	3
154		0
155	\n让我来教你火焰魔法吧！	3
156	\n你想记在哪里？	3
157	以魔法之火攻击单体敌人	3
158	\n想忘记哪个技能？	3
159		0
160	\n快看！这本书浮在半空吧？这就是风魔法的威力！	3
161	\n你想记在哪里？	3
162	呼唤龙卷风攻击单体敌人	3
163	\n想忘记哪个技能？	3
164		0
165	\n我终于得到能成功呼唤小宇宙的力量了！！	3
166	\n你想记在哪里？	3
167	呼唤复数的陨石，攻击对手及周边的人。	3
168	\n想忘记哪个技能？	3
169		0
170	\n我是专门研究水魔法的，想不想学我的魔法啊？	3
171	\n你想记在哪里？	3
172	冻结水份攻击对手及周边的人	3
173	\n想忘记哪个技能？	3
174		0
175	\n你能使用这个魔法吗？被烫伤我可不管喔！	3
176	\n你想记在哪里？	3
177	以魔法之火攻击对手及周边的人	3
178	\n想忘记哪个技能？	3
179		0
180	\n想多接触风吗？	3
181	\n你想记在哪里？	3
182	呼唤龙卷风攻击对手及周边的人	3
183	\n想忘记哪个技能？	3
184		0
185	\n这是古代的大魔法师阿夏芙所传下来的究极大地魔法哦！	3
186	\n你想记在哪里？	3
187	呼唤复数陨石，攻击全体敌人。	3
188	\n想忘记哪个技能？	3
189		0
190	\n这是古代的大魔法师阿夏芙所传下来的究极水魔法哦！	3
191	\n你想记在哪里？	3
192	冻结水份攻击全体敌人	3
193	\n想忘记哪个技能？	3
194		0
195	\n这是古代的大魔法师阿夏芙所传下来的究极火魔法哦！	3
196	\n想记在哪里？	3
197	以魔法之火攻击全体敌人	3
198	\n想忘记哪个技能？	3
199		0
200	\n这是古代的大魔法师阿夏芙所传下来的究极风魔法哦！	3
201	\n你想记在哪里？	3
202	呼唤龙卷风攻击全体敌人	3
203	\n想忘记哪个技能？	3
204		0
205	\n我将赐给你无与伦比的知识。	3
206	\n要求教于我吗？	3
207	攻击敌人，并把给对方的打击的一半用来回复自己的生命力。	3
208	\n想忘记哪个技能？	3
209		0
210	\n最痛快的暗杀方式便是下毒了。	3
211	\n你想记在哪里？	3
212	对敌方单体下毒	3
213	\n想忘记哪个技能？	3
214		0
215	\n安眠曲可是很有效的哦！	3
216	\n你想记在哪里？	3
217	让敌人睡着	3
218	\n想忘记哪个技能？	3
219		0
220	\n殴打不能动的敌人的快感，你可曾体会过？	3
221	\n你想记在哪里？	3
222	石化敌方单体	3
223	\n想忘记哪个技能？	3
224		0
225	\n想让人称赞你是个酒国英雄吗？	3
226	\n你想记在哪里？	3
227	灌醉敌方单体	3
228	\n想忘记哪个技能？	3
229		0
230	\n这是引起对方混乱的技能。呵呵呵。	3
231	\n你想记在哪里？呵呵呵。	3
232	混乱敌方单体	3
233	\n想忘记哪个技能？呵呵呵。	3
234		0
235	\n忘记一切便可忘记悲伤	3
236	\n你想记在哪里？	3
237	让敌方单体忘掉技能	3
238	\n想忘记哪个技能？	3
239		0
240	\n哈哈哈哈！！！快来学下毒的咒术吧！	3
241	\n你想记在哪里？	3
242	对敌方及周边的人下毒	3
243	\n想忘记哪个技能？	3
244		0
245	\n喔呵呵呵呵！不学催眠可是不行的唷！	3
246	\n你想记在哪里？	3
247	对敌方及周边的人进行催眠	3
248	\n想忘记哪个技能？	3
249		0
250	\n要学石化的咒术吗？	3
251	\n你想记在哪里？	3
252	石化敌方及周边的人	3
253	\n想忘记哪个技能？	3
254		0
255	\n这是灌醉对方的技能。嘿嘿嘿。	3
256	\n你想记在哪里？嘿嘿嘿。	3
257	灌醉敌方及周边的人	3
258	\n想忘记哪个技能？嘿嘿嘿。	3
259		0
260	\n这是混乱对方的技能。嘿嘿嘿。	3
261	\n你想记在哪里？嘿嘿嘿。	3
262	混乱敌方及周边的人	3
263	\n想忘记哪个技能？嘿嘿嘿。	3
264		0
265	\n咦？这魔法叫什么来着啊？	3
266	\n哈哈！我想起来了。想学吗？	3
267	让敌方及周边的人忘掉技能	3
268	\n想忘记哪个技能？	3
269		0
270	\n最痛快的暗杀方式便是下毒了	3
271	\n你想记在哪里？	3
272	对敌方全体下毒	3
273	\n想忘记哪个技能？	3
274		0
275	\n安眠曲可是很有效的哦！	3
276	\n你想记在哪里？	3
277	对敌方全体进行催眠	3
278	\n想忘记哪个技能？	3
279		0
280	\n殴打不能动的敌人的快感，你可曾体会过？	3
281	\n你想记在哪里？	3
282	石化全体敌人	3
283	\n想忘记哪个技能？	3
284		0
285	\n对手醉了以后就是你的天下啦！	3
286	\n你想记在哪里？	3
287	灌醉全体敌人	3
288	\n想忘记哪个技能？	3
289		0
290	\n这是引起对方混乱的技能。嘻嘻嘻。	3
291	\n你想记在哪里？嘻嘻嘻。	3
292	混乱全体敌人	3
293	\n想忘记哪个技能？嘻嘻嘻。	3
294		0
295	\n忘记一切便可忘记悲伤	3
296	\n你想记在哪里？	3
297	让全体敌人忘掉技能	3
298	\n想忘记哪个技能？	3
299		0
300	\n这是有利于地属性的技能	3
301	\n你想记在哪里？	3
302	对于地属性的魔法或攻击给与补正效果	3
303	\n想忘记哪个技能？	3
304		0
305	\n这是有利于水属性的技能	3
306	\n你想记在哪里？	3
307	对于水属性的魔法或攻击给与补正效果	3
308	\n想忘记哪个技能？	3
309		0
310	\n这是有利于火属性的技能	3
311	\n你想记在哪里？	3
312	对于火属性的魔法或攻击给与补正效果	3
313	\n想忘记哪个技能？	3
314		0
315	\n这是有利风地属性的技能	3
316	\n你想记在哪里？	3
317	对于风属性的魔法或攻击给与补正效果	3
318	\n想忘记哪个技能？	3
319		0
320	\n呜呜！我教你一个特别的绝招，请你放过我吧！	3
321	\n你想记在哪里？	3
322	构成属性会反转	3
323	\n想忘记哪个技能？	3
324		0
325	\n对直接攻击自己的敌人，以相等的力量反击回去。	3
326	\n你想记在哪里？	3
327	将物理攻击所受到的打击反击回去	3
328	\n想忘记哪个技能？	3
329		0
330	\n对以魔法攻击自己的敌人，以相等的力量反击回去。	3
331	\n你想记在哪里？	3
332	将魔法攻击所受到的打击反击回去	3
333	\n想忘记哪个技能？	3
334		0
335	\n将受到的打击变成自己的力量	3
336	\n你想记在哪里？	3
337	吸收来自物理攻击之打击，并用来补血	3
338	\n想忘记哪个技能？	3
339		0
340	\n将受到的打击变成自己的力量	3
341	\n你想记在哪里？	3
342	吸收来自魔法攻击之打击，并用来补血	3
343	\n想忘记哪个技能？	3
344		0
345	\n这是哪里！？	3
346	\n想学吗？	3
347	受到物理攻击时，损伤将为0	3
348	\n想忘记哪个技能？	3
349		0
350	\n这是哪里！？	3
351	\n想学吗？	3
352	受到魔法攻击时，损伤将为0	3
353	\n想忘记哪个技能？	3
354		0
355	\n神将会保护心存正义的人	3
356	\n你想记在哪里？	3
357	这是可恢复单体生命力的技能。\n只能于战斗时使用。	3
358	\n想忘记哪个技能？	3
359		0
360	\n要善待你的朋友	3
361	\n你想记在哪里？	3
362	这是可恢复对象及周边的人生命力的技能，只有战斗时能用。	3
363	\n想忘记哪个技能？	3
364		0
365	\n神将会保护善良的人	3
366	\n你想记在哪里？	3
367	这是可恢复对象全体生命力的技能。\n只能于战斗时使用。	3
368	\n想忘记哪个技能？	3
369		0
370	\n神会赐给你大地的祝福．．．	3
371	\n你想记在哪里？	3
372	使用后，生命力可于每回合回复若干(单体魔法)	3
373	\n想忘记哪个技能？	3
374		0
375	\n神会赐给你大地的祝福．．．	3
376	\n你想记在哪里？	3
377	使用后，对象及周边的人生命力于每回合可回复若干	3
378	\n想忘记哪个技能？	3
379		0
380	\n神将会保护善良的人	3
381	\n你想记在哪里？	3
382	对象及周边的人生命力于每回合可回复若干	3
383	\n想忘记哪个技能？	3
384		0
385	\n自各种痛苦中解放，回复正常状态。	3
386	\n你想记在哪里？	3
387	回复对象单体的异常状态	3
388	\n想忘记哪个技能？	3
389		0
390	\n神将会保护善良的人	3
391	\n你想记在哪里？	3
392	让昏迷不醒的对象单体复活	3
393	\n想忘记哪个技能？	3
394		0
395	\n我教你如何让魔族屈服的方法。	3
396	\n你想记在哪里？	3
397	使用封印卡时，封印成功率会上升。	3
398	\n想忘记哪个技能？	3
399		0
400	\n把宠物当成自己的手脚一样使用。	3
401	\n你想记在哪里？	3
402	拥有此技能之角色的宠物，战斗后得到的经验值会比平常多。	3
403	\n想忘记哪个技能？	3
404		0
405	\n关心宠物的心是最重要的。	3
406	\n你想记在哪里？	3
407	增加宠物忠诚度的最大值。\n宠物技能发动时可减少魔法消耗率。	3
408	\n想忘记哪个技能？	3
409		0
410	什么事？	3
411	你想记在哪里？	3
412	盗取对象单体的物品	3
413	想忘记哪个技能？	3
414		0
415	什么事？	3
416	你想记在哪里？	3
417	对敌手单体进行物理攻击	3
418	想忘记哪个技能？	3
419		0
420	什么事？	3
421	你想记在哪里？	3
422	采取防御状态	3
423	想忘记哪个技能？	3
424		0
425	什么事？	3
426	你想记在哪里？	3
427	攻击敌人时，应技能等级高低会使对方有发生状态异常的可能性。	3
428	想忘记哪个技能？	3
429		0
430	什么事？	3
431	你想记在哪里？	3
432	攻击敌人时，应技能等级高低会使对方有发生状态异常的可能性。	3
433	想忘记哪个技能？	3
434		0
435	什么事？	3
436	你想记在哪里？	3
437	攻击敌人时，应技能等级高低会使对方有发生状态异常的可能性。	3
438	想忘记哪个技能？	3
439		0
440	什么事？	3
441	你想记在哪里？	3
442	攻击敌人时，应技能等级高低会使对方有发生状态异常的可能性。	3
443	想忘记哪个技能？	3
444		0
445	什么事？	3
446	你想记在哪里？	3
447	攻击敌人时，应技能等级高低会使对方有发生状态异常的可能性。	3
448	想忘记哪个技能？	3
449		0
450	什么事？	3
451	你想记在哪里？	3
452	攻击敌人时，应技能等级高低会使对方有发生状态异常的可能性。	3
453	想忘记哪个技能？	3
454		0
455	什么事？	3
456	你想记在哪里？	3
457	攻击敌人时，给与对方的打击将有N％可回复自己的生命力。	3
458	想忘记哪个技能？	3
459		0
460	什么事？	3
461	你想记在哪里？	3
462	让自己处于昏迷状态，此时剩下的生命力将成为无法防御的打击来攻击敌方全体。	3
463	想忘记哪个技能？	3
464		0
465	什么事？	3
466	你想记在哪里？	3
467	让自己处于昏迷状态，此时剩下的生命力将可回复我方全体人员。	3
468	想忘记哪个技能？	3
469		0
470	什么事？	3
471	你想记在哪里？	3
472	夺取对方的经验值	3
473	想忘记哪个技能？	3
474		0
475	什么事？	3
476	你想记在哪里？	3
477	攻击时，有N％的机率可破坏对方的装备。	3
478	想忘记哪个技能？	3
479		0
480	什么事？	3
481	你想记在哪里？	3
482	有N％的机率让对方立刻昏死过去	3
483	想忘记哪个技能？	3
484		0
485	什么事？	3
486	你想记在哪里？	3
487	攻击命中时对方的生命力不会减少，但是会损失金钱。	3
488	想忘记哪个技能？	3
489		0
490	什么事？	3
491	你想记在哪里？	3
492	发动后数回合以内，不论敌我双方皆无法发动技能。	3
493	想忘记哪个技能？	3
494		0
495	什么事？	3
496	你想记在哪里？	3
497	宠物邮件1	3
498	想忘记哪个技能？	3
499		0
500	什么事？	3
501	你想记在哪里？	3
502	宠物邮件2	3
503	想忘记哪个技能？	3
504		0
505	什么事？	3
506	你想记在哪里？	3
507	宠物邮件3	3
508	想忘记哪个技能？	3
509		0
510	什么事？	3
511	你想记在哪里？	3
512	宠物邮件4	3
513	想忘记哪个技能？	3
514		0
515	什么事？	3
516	你想记在哪里？	3
517	召唤伙伴加入战斗	3
518	想忘记哪个技能？	3
519		0
520	\n想学学加工铸剑的方法吗？很有用喔！	3
521	\n你想记在哪里？	3
522	可用矿石作出剑来	3
523	\n想忘记哪个技能？	3
524		0
525	\n我可以教你如何加工造斧喔！	3
526	\n你想记在哪里？	3
527	可用矿石作出斧头来	3
528	\n想忘记哪个技能？	3
529		0
530	\n我可以教你加工造枪的方法喔！	3
531	\n你想记在哪里？	3
532	可用矿石作出枪来	3
533	\n想忘记哪个技能？	3
534		0
535	\n我在教人如何加工制弓的方法	3
536	\n你想记在哪里？	3
537	可用木材作出弓来	3
538	\n想忘记哪个技能？	3
539		0
540	\n可以造出杖来	3
541	\n你想记在哪里？	3
542	可用木材作出杖来	3
543	\n想忘记哪个技能？	3
544		0
545	\n可以制造回力镖	3
546	\n你想记在哪里？	3
547	可用木材作出回力镖来	3
548	\n想忘记哪个技能？	3
549		0
550	\n想学学把加工造小刀的方法吗？	3
551	\n你想记在哪里？	3
552	可用矿石作出小刀来?