游民		1	1								2	2	2	2	2	2	2	2	2	2	2	2	2	2	2	2	2	2	2	2	2	2	2					
剑士		11	1	0	0						6	3	3	0	3	3	3	6	6	3	6	3	0	6	3	4	4	4	4	4	4	4	4					
王宫剑士		12	1	100	0						8	3	3	0	3	3	3	8	8	3	8	3	0	8	3	6	6	6	6	6	6	6	6					
剑术师范		13	1	200	0						10	3	3	0	3	3	3	10	10	3	10	3	0	10	3	8	8	8	8	8	8	8	8					
剑圣		14	1	500	0						11	4	4	0	4	4	7	11	11	4	11	4	0	11	4	10	10	10	10	10	10	10	10					
外挂职业		15	1	1000000	1000000						0	0	0	0	0	0	0	0	0	0	0	0	0	0	0	0	0	0	0	0	0	0	0					
外挂职业		16	1	1000000	1000000						0	0	0	0	0	0	0	0	0	0	0	0	0	0	0	0	0	0	0	0	0	0	0					
外挂职业		17	1	1000000	1000000						0	0	0	0	0	0	0	0	0	0	0	0	0	0	0	0	0	0	0	0	0	0	0					
战斧斗士		21	1	0	0						3	6	3	0	3	3	3	6	6	3	6	3	0	6	3	4	4	4	4	4	4	4	4					
王宫战斧斗士		22	1	100	0						3	8	3	0	3	3	3	8	8	3	8	3	0	8	3	6	6	6	6	6	6	6	6					
战斧师范		23	1	200	0						3	10	3	0	3	3	3	10	10	3	10	3	0	10	3	8	8	8	8	8	8	8	8					
狂战士		24	1	500	0						4	11	4	0	4	4	7	11	11	4	11	4	0	11	4	10	10	10	10	10	10	10	10					
外挂职业		25	1	1000000	1000000						0	0	0	0	0	0	0	0	0	0	0	0	0	0	0	0	0	0	0	0	0	0	0					
外挂职业		26	1	1000000	1000000						0	0	0	0	0	0	0	0	0	0	0	0	0	0	0	0	0	0	0	0	0	0	0					
外挂职业		27	1	1000000	1000000						0	0	0	0	0	0	0	0	0	0	0	0	0	0	0	0	0	0	0	0	0	0	0					
骑士		31	1	0	0						3	3	6	0	3	3	3	6	6	3	6	3	0	6	3	4	4	4	4	4	4	4	4					
王宫骑士		32	1	100	0						3	3	8	0	3	3	3	8	8	3	8	3	0	8	3	6	6	6	6	6	6	6	6					
近卫骑士		33	1	200	0						3	3	10	0	3	3	3	10	10	3	10	3	0	10	3	8	8	8	8	8	8	8	8					
光明骑士		34	1	500	0						4	4	11	0	4	4	7	11	11	4	11	4	0	11	4	10	10	10	10	10	10	10	10					
外挂职业		35	1	1000000	1000000						0	0	0	0	0	0	0	0	0	0	0	0	0	0	0	0	0	0	0	0	0	0	0					
外挂职业		36	1	1000000	1000000						0	0	0	0	0	0	0	0	0	0	0	0	0	0	0	0	0	0	0	0	0	0	0					
外挂职业		37	1	1000000	1000000						0	0	0	0	0	0	0	0	0	0	0	0	0	0	0	0	0	0	0	0	0	0	0					
弓箭手		41	1	0	0						3	3	3	0	6	4	4	3	3	6	3	6	0	3	6	4	4	4	4	4	4	4	4					
王宫弓箭手		42	1	100	0						3	3	3	0	8	5	5	3	3	8	3	8	0	3	8	6	6	6	6	6	6	6	6					
弓术师范		43	1	200	0						4	4	4	0	10	6	6	4	4	10	4	10	0	4	10	8	8	8	8	8	8	8	8					
神射手		44	1	500	0						5	5	5	0	11	7	6	5	5	11	5	11	0	5	11	10	10	10	10	10	10	10	10					
外挂职业		45	1	1000000	1000000						0	0	0	0	0	0	0	0	0	0	0	0	0	0	0	0	0	0	0	0	0	0	0					
外挂职业		46	1	1000000	1000000						0	0	0	0	0	0	0	0	0	0	0	0	0	0	0	0	0	0	0	0	0	0	0					
外挂职业		47	1	1000000	1000000						0	0	0	0	0	0	0	0	0	0	0	0	0	0	0	0	0	0	0	0	0	0	0					
士兵		51	1	0	0						4	4	4	0	4	4	4	4	4	4	4	4	0	4	4	4	4	4	4	4	4	4	4					
王宫士兵		52	1	100	0						5	5	5	0	5	5	5	5	5	5	5	5	0	5	5	6	6	6	6	6	6	6	6					
士兵长		53	1	200	0						6	6	6	0	6	6	6	6	6	6	6	6	0	6	6	8	8	8	8	8	8	8	8					
统帅		54	1	500	0						7	7	7	0	7	7	7	7	7	7	7	7	0	7	7	10	10	10	10	10	10	10	10					
外挂职业		55	1	1000000	1000000						0	0	0	0	0	0	0	0	0	0	0	0	0	0	0	0	0	0	0	0	0	0	0					
外挂职业		56	1	1000000	1000000						0	0	0	0	0	0	0	0	0	0	0	0	0	0	0	0	0	0	0	0	0	0	0					
外挂职业		57	1	1000000	1000000						0	0	0	0	0	0	0	0	0	0	0	0	0	0	0	0	0	0	0	0	0	0	0					
传教士		61	1	0	0						0	0	0	6	0	0	3	0	0	6	0	3	6	0	6	4	4	4	4	4	4	4	4					
牧师		62	1	100	0	61	62	63	68		0	0	0	8	0	0	3	0	0	8	0	3	8	0	8	6	6	6	6	6	6	6	6	4	4	4	4	
主教		63	1	200	0	61	62	63	68		0	0	0	10	0	0	4	0	0	10	0	4	10	0	10	8	8	8	8	8	8	8	8	6	6	6	6	
大主教		64	1	500	0	61	62	63	68		0	0	0	11	0	0	7	0	0	11	0	5	11	0	11	10	10	10	10	10	10	10	10	8	8	8	8	
外挂职业		65	1	1000000	1000000						0	0	0	0	0	0	0	0	0	0	0	0	0	0	0	0	0	0	0	0	0	0	0					
外挂职业		66	1	1000000	1000000						0	0	0	0	0	0	0	0	0	0	0	0	0	0	0	0	0	0	0	0	0	0	0					
外挂职业		67	1	1000000	1000000						0	0	0	0	0	0	0	0	0	0	0	0	0	0	0	0	0	0	0	0	0	0	0					
魔术师		71	1	0	0						0	0	0	6	0	3	0	0	0	6	0	3	6	0	6	4	4	4	4	4	4	4	4					
王宫魔术师		72	1	100	0						0	0	0	8	0	3	0	0	0	8	0	3	8	0	8	6	6	6	6	6	6	6	6	4	4	4	4	
魔导士		73	1	200	0						0	0	0	10	0	4	0	0	0	10	0	4	10	0	10	8	8	8	8	8	8	8	8	6	6	6	6	
暗黑魔导士		74	1	500	0						0	0	0	11	0	5	0	0	0	11	0	5	11	0	11	10	10	10	10	10	10	10	10	8	8	8	8	
外挂职业		75	1	1000000	1000000						0	0	0	0	0	0	0	0	0	0	0	0	0	0	0	0	0	0	0	0	0	0	0					
外挂职业		76	1	1000000	1000000						0	0	0	0	0	0	0	0	0	0	0	0	0	0	0	0	0	0	0	0	0	0	0					
外挂职业		77	1	1000000	1000000						0	0	0	0	0	0	0	0	0	0	0	0	0	0	0	0	0	0	0	0	0	0	0					
咒术师		81	1	0	0						0	0	0	6	0	3	0	0	0	6	0	3	6	0	6	4	4	4	4	4	4	4	4					
王宫咒术师		82	1	100	0						0	0	0	8	0	3	0	0	0	8	0	3	8	0	8	6	6	6	6	6	6	6	6					
降头师		83	1	200	0						0	0	0	10	0	4	0	0	0	10	0	4	10	0	10	8	8	8	8	8	8	8	8					
毁灭大师		84	1	500	0						0	0	0	11	0	5	7	0	0	11	0	5	11	0	11	10	10	10	10	10	10	10	10					
外挂职业		85	1	1000000	1000000						0	0	0	0	0	0	0	0	0	0	0	0	0	0	0	0	0	0	0	0	0	0	0					
外挂职业		86	1	1000000	1000000						0	0	0	0	0	0	0	0	0	0	0	0	0	0	0	0	0	0	0	0	0	0	0					
外挂职业		87	1	1000000	1000000						0	0	0	0	0	0	0	0	0	0	0	0	0	0	0	0	0	0	0	0	0	0	0					
封印师		91	1	0	0						3	3	3	4	3	3	3	3	0	6	0	6	0	0	6	4	4	4	4	4	4	4	4					
王宫封印师		92	1	100	0	69					3	3	3	5	3	3	3	3	0	8	0	8	0	0	8	6	6	6	6	6	6	6	6	4				
封印术师范		93	1	200	0	69					4	4	4	6	4	4	4	4	0	10	0	10	0	0	10	8	8	8	8	8	8	8	8	6				
封印大师		94	1	500	0	69					5	5	5	7	5	5	7	5	0	11	0	11	0	0	11	10	10	10	10	10	10	10	10	8				
外挂职业		95	1	1000000	1000000						0	0	0	0	0	0	0	0	0	0	0	0	0	0	0	0	0	0	0	0	0	0	0					
外挂职业		96	1	1000000	1000000						0	0	0	0	0	0	0	0	0	0	0	0	0	0	0	0	0	0	0	0	0	0	0					
外挂职业		97	1	1000000	1000000						0	0	0	0	0	0	0	0	0	0	0	0	0	0	0	0	0	0	0	0	0	0	0					
饲养师		101	1	0	0						3	3	3	3	3	3	6	3	0	6	0	6	0	0	6	4	4	4	4	4	4	4	4					
王宫饲养师		102	1	100	0	70					3	3	3	3	3	3	8	3	0	8	0	8	0	0	8	6	6	6	6	6	6	6	6	4				
高级饲养师		103	1	200	0	70					4	4	4	4	4	4	10	4	0	10	0	10	0	0	10	8	8	8	8	8	8	8	8	6				
饲养大师		104	1	500	0	70					5	5	5	5	5	5	11	5	0	11	0	11	0	0	11	10	10	10	10	10	10	10	10	8				
外挂职业		105	1	1000000	1000000						0	0	0	0	0	0	0	0	0	0	0	0	0	0	0	0	0	0	0	0	0	0	0					
外挂职业		106	1	1000000	1000000						0	0	0	0	0	0	0	0	0	0	0	0	0	0	0	0	0	0	0	0	0	0	0					
外挂职业		107	1	1000000	1000000						0	0	0	0	0	0	0	0	0	0	0	0	0	0	0	0	0	0	0	0	0	0	0					
驯兽师		111	1	0	0						3	3	3	3	3	6	3	3	0	6	0	6	0	0	6	4	4	4	4	4	4	4	4					
王宫驯兽师		112	1	100	0	71					3	3	3	3	3	8	3	3	0	8	0	8	0	0	8	6	6	6	6	6	6	6	6	4				
驯兽师范		113	1	200	0	71					4	4	4	4	4	10	4	4	0	10	0	10	0	0	10	8	8	8	8	8	8	8	8	6				
万兽之王		114	1	500	0	71					5	5	5	5	5	11	5	5	0	11	0	11	0	0	11	10	10	10	10	10	10	10	10	8				
外挂职业		115	1	1000000	1000000						0	0	0	0	0	0	0	0	0	0	0	0	0	0	0	0	0	0	0	0	0	0	0					
外挂职业		116	1	1000000	1000000						0	0	0	0	0	0	0	0	0	0	0	0	0	0	0	0	0	0	0	0	0	0	0					
外挂职业		117	1	1000000	1000000						0	0	0	0	0	0	0	0	0	0	0	0	0	0	0	0	0	0	0	0	0	0	0					
盗贼		121	1	0	0						3	3	3	3	3	6	4	3	0	6	0	6	0	0	6	4	4	4	4	4	4	4	4					
小偷		122	1	100	0	72					3	3	3	3	3	8	5	3	0	8	0	8	0	0	8	6	6	6	6	6	6	6	6	4				
惯偷		123	1	200	0	72					4	4	4	4	4	10	6	4	0	10	0	10	0	0	10	8	8	8	8	8	8	8	8	6				
神偷		124	1	500	0	72					5	5	5	5	5	11	7	5	0	11	0	11	0	0	11	10	10	10	10	10	10	10	10	8				
外挂职业		125	1	1000000	1000000						0	0	0	0	0	0	0	0	0	0	0	0	0	0	0	0	0	0	0	0	0	0	0					
外挂职业		126	1	1000000	1000000						0	0	0	0	0	0	0	0	0	0	0	0	0	0	0	0	0	0	0	0	0	0	0					
外挂职业		127	1	1000000	1000000						0	0	0	0	0	0	0	0	0	0	0	0	0	0	0	0	0	0	0	0	0	0	0					
巫师		131	1	0	0						0	0	0	6	0	0	3	0	0	6	0	3	6	0	6	4	4	4	4	4	4	4	4					
王宫巫师		132	1	100	0	64	67	65	66		0	0	0	8	0	0	3	0	0	8	0	3	8	0	8	6	6	6	6	6	6	6	6	4	4	4	4	
巫术大师		133	1	200	0	64	67	65	66		0	0	0	10	0	0	4	0	0	10	0	4	10	0	10	8	8	8	8	8	8	8	8	6	6	6	6	
巫王		134	1	500	0	64	67	65	66		0	0	0	11	0	0	7	0	0	11	0	5	11	0	11	10	10	10	10	10	10	10	10	8	8	8	8	
外挂职业		135	1	1000000	1000000						0	0	0	0	0	0	0	0	0	0	0	0	0	0	0	0	0	0	0	0	0	0	0					
外挂职业		136	1	1000000	1000000						0	0	0	0	0	0	0	0	0	0	0	0	0	0	0	0	0	0	0	0	0	0	0					
外挂职业		137	1	1000000	1000000						0	0	0	0	0	0	0	0	0	0	0	0	0	0	0	0	0	0	0	0	0	0	0					
格斗士		141	1	0	0						0	0	0	0	0	0	0	0	0	6	0	6	0	0	6	4	4	4	4	4	4	4	4					
格斗专家		142	1	100	0	94					0	0	0	0	0	0	0	0	0	8	0	8	0	0	8	6	6	6	6	6	6	6	6	4				
格斗家师范		143	1	200	0	94					0	0	0	0	0	0	0	0	0	10	0	10	0	0	10	8	8	8	8	8	8	8	8	6				
格斗王		144	1	500	0	94					0	0	0	0	0	0	0	0	0	11	0	11	0	0	11	10	10	10	10	10	10	10	10	8				
外挂职业		145	1	1000000	1000000						0	0	0	0	0	0	0	0	0	0	0	0	0	0	0	0	0	0	0	0	0	0	0					
外挂职业		146	1	1000000	1000000						0	0	0	0	0	0	0	0	0	0	0	0	0	0	0	0	0	0	0	0	0	0	0					
外挂职业		147	1	1000000	1000000						0	0	0	0	0	0	0	0	0	0	0	0	0	0	0	0	0	0	0	0	0	0	0					
忍者		151	1	0	0						4	4	4	0	4	6	6	0	0	0	0	0	0	0	0	4	4	4	4	4	4	4	4					
影		152	1	100	0	96					6	6	6	0	6	8	8	0	0	0	0	0	0	0	0	6	6	6	6	6	6	6	6	4				
阴		153	1	200	0	96					8	8	8	0	8	10	10	0	0	0	0	0	0	0	0	8	8	8	8	8	8	8	8	6				
晓		154	1	500	0	96					10	10	10	0	10	10	10	0	1	1	0	1	0	1	1	10	10	10	10	10	10	10	10	8				
外挂职业		155	1	1000000	1000000						0	0	0	0	0	0	0	0	0	0	0	0	0	0	0	0	0	0	0	0	0	0	0					
外挂职业		156	1	1000000	1000000						0	0	0	0	0	0	0	0	0	0	0	0	0	0	0	0	0	0	0	0	0	0	0					
外挂职业		157	1	1000000	1000000						0	0	0	0	0	0	0	0	0	0	0	0	0	0	0	0	0	0	0	0	0	0	0					
串场艺人		161	1	0	0						3	3	3	3	3	4	6	3	0	6	0	6	0	0	6	4	4	4	4	4	4	4	4					
舞者		162	1	100	0	98					3	3	3	3	3	5	8	3	0	8	0	8	0	0	8	6	6	6	6	6	6	6	6	4				
超级巨星		163	1	200	0	98					4	4	4	4	4	6	10	4	0	10	0	10	0	0	10	8	8	8	8	8	8	8	8	6				
法兰巨星		164	1	500	0	98					5	5	5	5	5	7	11	5	0	11	0	11	0	0	11	10	10	10	10	10	10	10	10	8				
外挂职业		165	1	1000000	1000000						0	0	0	0	0	0	0	0	0	0	0	0	0	0	0	0	0	0	0	0	0	0	0					
外挂职业		166	1	1000000	1000000						0	0	0	0	0	0	0	0	0	0	0	0	0	0	0	0	0	0	0	0	0	0	0					
外挂职业		167	1	1000000	1000000						0	0	0	0	0	0	0	0	0	0	0	0	0	0	0	0	0	0	0	0	0	0	0					
教团骑士		171	1	0	0						6	0	6	0	0	0	0	6	6	3	6	3	0	6	3	4	4	4	4	4	4	4	4					
中阶教团骑士		172	1	100	0						8	0	8	0	0	0	0	8	8	3	8	3	0	8	3	6	6	6	6	6	6	6	6					
高阶教团骑士		173	1	200	0						10	0	10	0	0	0	0	10	10	3	10	3	0	10	3	8	8	8	8	8	8	8	8					
圣光骑士		174	1	500	0						11	0	11	0	0	0	0	11	11	3	11	3	0	11	3	10	10	10	10	10	10	10	10					
外挂职业		175	1	1000000	1000000						0	0	0	0	0	0	0	0	0	0	0	0	0	0	0	0	0	0	0	0	0	0	0					
外挂职业		176	1	1000000	1000000						0	0	0	0	0	0	0	0	0	0	0	0	0	0	0	0	0	0	0	0	0	0	0					
外挂职业		177	1	1000000	1000000						0	0	0	0	0	0	0	0	0	0	0	0	0	0	0	0	0	0	0	0	0	0	0					
爆破专家		181	1	0	0						2	2	2	2	2	2	2	2	2	2	2	2	2	2	2	2	2	2	2	2	2	2	2					
装备制作大师		201	2	0	0						4	2	2	2	2	2	2	2	2	2	2	2	2	2	2	4	4	4	4	4	4	4	4					
铸剑工		202	2	100	0	200					6	2	2	2	2	2	2	2	2	2	2	2	2	2	2	6	6	6	6	6	6	6	6	4				
资深铸剑师傅		203	2	200	0	200					8	3	3	3	3	3	3	3	3	3	3	3	3	3	3	8	8	8	8	8	8	8	8	6				
御用铸剑师		204	2	500	0	200					10	3	3	3	3	3	3	3	3	3	3	3	3	3	3	10	10	10	10	10	10	10	10	8				
铸剑名师		205	2	1000000	1000000	200					10	3	3	3	3	3	3	3	3	3	3	3	3	3	3	10	10	10	10	10	10	10	10	10				
干将		206	2	1000000	1000000	200					10	3	3	3	3	3	3	3	3	3	3	3	3	3	3	10	10	10	10	10	10	10	10	10				
莫邪		207	2	1000000	1000000	200					10	3	3	3	3	3	3	3	3	3	3	3	3	3	3	10	10	10	10	10	10	10	10	10				
装备制作大师		211	2	0	0						2	4	2	2	2	2	2	2	2	2	2	2	2	2	2	4	4	4	4	4	4	4	4					
造斧工		212	2	100	0	201					2	6	2	2	2	2	2	2	2	2	2	2	2	2	2	6	6	6	6	6	6	6	6	4				
资深造斧师傅		213	2	200	0	201					3	8	3	3	3	3	3	3	3	3	3	3	3	3	3	8	8	8	8	8	8	8	8	6				
御用造斧师		214	2	500	0	201					3	10	3	3	3	3	3	3	3	3	3	3	3	3	3	10	10	10	10	10	10	10	10	8				
造斧名师		215	2	1000000	1000000	201					3	10	3	3	3	3	3	3	3	3	3	3	3	3	3	10	10	10	10	10	10	10	10	10				
档尝狼 芭厘		216	2	1000000	1000000	201					3	10	3	3	3	3	3	3	3	3	3	3	3	3	3	10	10	10	10	10	10	10	10	10				
档尝 付捞胶磐		217	2	1000000	1000000	201					3	10	3	3	3	3	3	3	3	3	3	3	3	3	3	10	10	10	10	10	10	10	10	10				
装备制作大师		221	2	0	0						2	2	4	2	2	2	2	2	2	2	2	2	2	2	2	4	4	4	4	4	4	4	4					
造枪工		222	2	100	0	202					2	2	6	2	2	2	2	2	2	2	2	2	2	2	2	6	6	6	6	6	6	6	6	4				
资深造枪师傅		223	2	200	0	202					3	3	8	3	3	3	3	3	3	3	3	3	3	3	3	8	8	8	8	8	8	8	8	6				
御用造枪师		224	2	500	0	202					3	3	10	3	3	3	3	3	3	3	3	3	3	3	3	10	10	10	10	10	10	10	10	8				
造枪名师		225	2	1000000	1000000	202					3	3	10	3	3	3	3	3	3	3	3	3	3	3	3	10	10	10	10	10	10	10	10	10				
Original Master		226	2	1000000	1000000	202					3	3	10	3	3	3	3	3	3	3	3	3	3	3	3	10	10	10	10	10	10	10	10	10				
芒 付捞胶磐		227	2	1000000	1000000	202					3	3	10	3	3	3	3	3	3	3	3	3	3	3	3	10	10	10	10	10	10	10	10	10				
装备制作大师		231	2	0	0						2	2	2	2	4	2	2	2	2	2	2	2	2	2	2	4	4	4	4	4	4	4	4					
造弓工		232	2	100	0	203					2	2	2	2	6	2	2	2	2	2	2	2	2	2	2	6	6	6	6	6	6	6	6	4				
资深造弓师傅		233	2	200	0	203					3	3	3	3	8	3	3	3	3	3	3	3	3	3	3	8	8	8	8	8	8	8	8	6				
御用造弓师 		234	2	500	0	203					3	3	3	3	10	3	3	3	3	3	3	3	3	3	3	10	10	10	10	10	10	10	10	8				
造弓民师 		235	2	1000000	1000000	203					3	3	3	3	10	3	3	3	3	3	3	3	3	3	3	10	10	10	10	10	10	10	10	10				
劝狼 芭厘		236	2	1000000	1000000	203					3	3	3	3	10	3	3	3	3	3	3	3	3	3	3	10	10	10	10	10	10	10	10	10				
劝 付捞胶磐		237	2	1000000	1000000	203					3	3	3	3	10	3	3	3	3	3	3	3	3	3	3	10	10	10	10	10	10	10	10	10				
装备制作大师		241	2	0	0						2	2	2	4	2	2	2	2	2	2	2	2	2	2	2	4	4	4	4	4	4	4	4					
造杖工		242	2	100	0	204					2	2	2	6	2	2	2	2	2	2	2	2	2	2	2	6	6	6	6	6	6	6	6	4				
资深造杖师傅		243	2	200	0	204					3	3	3	8	3	3	3	3	3	3	3	3	3	3	3	8	8	8	8	8	8	8	8	6				
御用造杖师		244	2	500	0	204					3	3	3	10	3	3	3	3	3	3	3	3	3	3	3	10	10	10	10	10	10	10	10	8				
造杖名师		245	2	1000000	1000000	204					3	3	3	10	3	3	3	3	3	3	3	3	3	3	3	10	10	10	10	10	10	10	10	10				
瘤莆捞狼 芭厘		246	2	1000000	1000000	204					3	3	3	10	3	3	3	3	3	3	3	3	3	3	3	10	10	10	10	10	10	10	10	10				
瘤莆捞 付捞胶磐		247	2	1000000	1000000	204					3	3	3	10	3	3	3	3	3	3	3	3	3	3	3	10	10	10	10	10	10	10	10	10				
装备制作大师		251	2	0	0						2	2	2	2	2	2	4	2	2	2	2	2	2	2	2	4	4	4	4	4	4	4	4					
投掷武器工		252	2	100	0	205					2	2	2	2	2	2	6	2	2	2	2	2	2	2	2	6	6	6	6	6	6	6	6	4				
资深投掷武器师傅		253	2	200	0	205					3	3	3	3	3	3	8	3	3	3	3	3	3	3	3	8	8	8	8	8	8	8	8	6				
御用投掷武器师		254	2	500	0	205					3	3	3	3	3	3	10	3	3	3	3	3	3	3	3	10	10	10	10	10	10	10	10	8				
掷武器名师		255	2	1000000	1000000	205					3	3	3	3	3	3	10	3	3	3	3	3	3	3	3	10	10	10	10	10	10	10	10	10				
何皋尔狼 芭厘		256	2	1000000	1000000	205					3	3	3	3	3	3	10	3	3	3	3	3	3	3	3	10	10	10	10	10	10	10	10	10				
何皋尔 付捞胶磐		257	2	1000000	1000000	205					3	3	3	3	3	3	10	3	3	3	3	3	3	3	3	10	10	10	10	10	10	10	10	10				
装备制作大师		261	2	0	0						2	2	2	2	2	4	2	2	2	2	2	2	2	2	2	4	4	4	4	4	4	4	4					
小刀工		262	2	100	0	206					2	2	2	2	2	6	2	2	2	2	2	2	2	2	2	6	6	6	6	6	6	6	6	4				
资深小刀师傅		263	2	200	0	206					3	3	3	3	3	8	3	3	3	3	3	3	3	3	3	8	8	8	8	8	8	8	8	6				
御用小刀师		264	2	500	0	206					3	3	3	3	3	10	3	3	3	3	3	3	3	3	3	10	10	10	10	10	10	10	10	8				
小刀名师		265	2	1000000	1000000	206					3	3	3	3	3	10	3	3	3	3	3	3	3	3	3	10	10	10	10	10	10	10	10	10				
小李飞刀		266	2	1000000	1000000	206					3	3	3	3	3	10	3	3	3	3	3	3	3	3	3	10	10	10	10	10	10	10	10	10				
小李他妈的飞刀		267	2	1000000	1000000	206					3	3	3	3	3	10	3	3	3	3	3	3	3	3	3	10	10	10	10	10	10	10	10	10				
装备制作大师		271	2	0	0						2	2	2	2	2	2	2	2	4	2	2	2	2	2	2	4	4	4	4	4	4	4	4					
头盔工		272	2	100	0	207					2	2	2	2	2	2	2	2	6	2	2	2	2	2	2	6	6	6	6	6	6	6	6	4				
资深头盔师傅		273	2	200	0	207					3	3	3	3	3	3	3	3	8	3	3	3	3	3	3	8	8	8	8	8	8	8	8	6				
御用头盔师		274	2	500	0	207					3	3	3	3	3	3	3	3	10	3	3	3	3	3	3	10	10	10	10	10	10	10	10	8				
头盔名师		275	2	1000000	1000000	207					3	3	3	3	3	3	3	3	10	3	3	3	3	3	3	10	10	10	10	10	10	10	10	10				
捧备狼 芭厘		276	2	1000000	1000000	207					3	3	3	3	3	3	3	3	10	3	3	3	3	3	3	10	10	10	10	10	10	10	10	10				
捧备 付捞胶磐		277	2	1000000	1000000	207					3	3	3	3	3	3	3	3	10	3	3	3	3	3	3	10	10	10	10	10	10	10	10	10				
装备制作大师		281	2	0	0						2	2	2	2	2	2	2	2	2	4	2	2	2	2	2	4	4	4	4	4	4	4	4					
帽子工		282	2	100	0	208					2	2	2	2	2	2	2	2	2	6	2	2	2	2	2	6	6	6	6	6	6	6	6	4				
资深帽子师傅		283	2	200	0	208					3	3	3	3	3	3	3	3	3	8	3	3	3	3	3	8	8	8	8	8	8	8	8	6				
御用帽子师		284	2	500	0	208					3	3	3	3	3	3	3	3	3	10	3	3	3	3	3	10	10	10	10	10	10	10	10	8				
制帽大师		285	2	1000000	1000000	208					3	3	3	3	3	3	3	3	3	10	3	3	3	3	3	10	10	10	10	10	10	10	10	10				
葛磊狼 芭厘		286	2	1000000	1000000	208					3	3	3	3	3	3	3	3	3	10	3	3	3	3	3	10	10	10	10	10	10	10	10	10				
葛磊 付捞胶磐		287	2	1000000	1000000	208					3	3	3	3	3	3	3	3	3	10	3	3	3	3	3	10	10	10	10	10	10	10	10	10				
装备制作大师		291	2	0	0						2	2	2	2	2	2	2	2	2	2	4	2	2	2	2	4	4	4	4	4	4	4	4					
铠甲工		292	2	100	0	209					2	2	2	2	2	2	2	2	2	2	6	2	2	2	2	6	6	6	6	6	6	6	6	4				
资深铠甲师傅		293	2	200	0	209					3	3	3	3	3	3	3	3	3	3	8	3	3	3	3	8	8	8	8	8	8	8	8	6				
御用铠甲师		294	2	500	0	209					3	3	3	3	3	3	3	3	3	3	10	3	3	3	3	10	10	10	10	10	10	10	10	8				
制铠名师		295	2	1000000	1000000	209					3	3	3	3	3	3	3	3	3	3	10	3	3	3	3	10	10	10	10	10	10	10	10	10				
制铠大师		296	2	1000000	1000000	209					3	3	3	3	3	3	3	3	3	3	10	3	3	3	3	10	10	10	10	10	10	10	10	10				
癌渴 付捞胶磐		297	2	1000000	1000000	209					3	3	3	3	3	3	3	3	3	3	10	3	3	3	3	10	10	10	10	10	10	10	10	10				
装备制作大师		301	2	0	0						2	2	2	2	2	2	2	2	2	2	2	4	2	2	2	4	4	4	4	4	4	4	4					
裁缝工		302	2	100	0	210					2	2	2	2	2	2	2	2	2	2	2	6	2	2	2	6	6	6	6	6	6	6	6	4				
资深裁缝师傅		303	2	200	0	210					3	3	3	3	3	3	3	3	3	3	3	8	3	3	3	8	8	8	8	8	8	8	8	6				
御用裁缝师		304	2	500	0	210					3	3	3	3	3	3	3	3	3	3	3	10	3	3	3	10	10	10	10	10	10	10	10	8				
裁缝名师		305	2	1000000	1000000	210					3	3	3	3	3	3	3	3	3	3	3	10	3	3	3	10	10	10	10	10	10	10	10	10				
渴狼 芭厘		306	2	1000000	1000000	210					3	3	3	3	3	3	3	3	3	3	3	10	3	3	3	10	10	10	10	10	10	10	10	10				
抛老矾		307	2	1000000	1000000	210					3	3	3	3	3	3	3	3	3	3	3	10	3	3	3	10	10	10	10	10	10	10	10	10				
装备制作大师		311	2	0	0						2	2	2	2	2	2	2	2	2	2	2	2	4	2	2	4	4	4	4	4	4	4	4					
长袍工		312	2	100	0	211					2	2	2	2	2	2	2	2	2	2	2	2	6	2	2	6	6	6	6	6	6	6	6	4				
资深长袍师傅		313	2	200	0	211					3	3	3	3	3	3	3	3	3	3	3	3	8	3	3	8	8	8	8	8	8	8	8	6				
御用长袍师		314	2	500	0	211					3	3	3	3	3	3	3	3	3	3	3	3	10	3	3	10	10	10	10	10	10	10	10	8				
制袍名师		315	2	1000000	1000000	211					3	3	3	3	3	3	3	3	3	3	3	3	10	3	3	10	10	10	10	10	10	10	10	10				
肺宏狼 芭厘		316	2	1000000	1000000	211					3	3	3	3	3	3	3	3	3	3	3	3	10	3	3	10	10	10	10	10	10	10	10	10				
肺宏 付捞胶磐		317	2	1000000	1000000	211					3	3	3	3	3	3	3	3	3	3	3	3	10	3	3	10	10	10	10	10	10	10	10	10				
装备制作大师		321	2	0	0						2	2	2	2	2	2	2	2	2	2	2	2	2	4	2	4	4	4	4	4	4	4	4					
制靴工		322	2	100	0	212					2	2	2	2	2	2	2	2	2	2	2	2	2	6	2	6	6	6	6	6	6	6	6	4				
资深制靴师傅		323	2	200	0	212					3	3	3	3	3	3	3	3	3	3	3	3	3	8	3	8	8	8	8	8	8	8	8	6				
御用制靴师		324	2	500	0	212					3	3	3	3	3	3	3	3	3	3	3	3	3	10	3	10	10	10	10	10	10	10	10	8				
制靴名师		325	2	1000000	1000000	212					3	3	3	3	3	3	3	3	3	3	3	3	3	10	3	10	10	10	10	10	10	10	10	10				
何明狼 芭厘		326	2	1000000	1000000	212					3	3	3	3	3	3	3	3	3	3	3	3	3	10	3	10	10	10	10	10	10	10	10	10				
何明 付捞胶磐		327	2	1000000	1000000	212					3	3	3	3	3	3	3	3	3	3	3	3	3	10	3	10	10	10	10	10	10	10	10	10				
装备制作大师		331	2	0	0						2	2	2	2	2	2	2	2	2	2	2	2	2	2	4	4	4	4	4	4	4	4	4					
制鞋工		332	2	100	0	213					2	2	2	2	2	2	2	2	2	2	2	2	2	2	6	6	6	6	6	6	6	6	6	4				
资深制鞋师傅		333	2	200	0	213					3	3	3	3	3	3	3	3	3	3	3	3	3	3	8	8	8	8	8	8	8	8	8	6				
御用制鞋师		334	2	500	0	213					3	3	3	3	3	3	3	3	3	3	3	3	3	3	10	10	10	10	10	10	10	10	10	8				
制鞋名师		335	2	1000000	1000000	213					3	3	3	3	3	3	3	3	3	3	3	3	3	3	10	10	10	10	10	10	10	10	10	10				
备滴狼 芭厘		336	2	1000000	1000000	213					3	3	3	3	3	3	3	3	3	3	3	3	3	3	10	10	10	10	10	10	10	10	10	10				
饭橇扼能		337	2	1000000	1000000	213					3	3	3	3	3	3	3	3	3	3	3	3	3	3	10	10	10	10	10	10	10	10	10	10				
装备制作大师		341	2	0	0						2	2	2	2	2	2	2	4	2	2	2	2	2	2	2	4	4	4	4	4	4	4	4					
造盾工		342	2	100	0	214					2	2	2	2	2	2	2	6	2	2	2	2	2	2	2	6	6	6	6	6	6	6	6	4				
资深造盾师傅		343	2	200	0	214					3	3	3	3	3	3	3	8	3	3	3	3	3	3	3	8	8	8	8	8	8	8	8	6				
御用造盾师		344	2	500	0	214					3	3	3	3	3	3	3	10	3	3	3	3	3	3	3	10	10	10	10	10	10	10	10	8				
造盾名师		345	2	1000000	1000000	214					3	3	3	3	3	3	3	10	3	3	3	3	3	3	3	10	10	10	10	10	10	10	10	10				
规菩狼 芭厘		346	2	1000000	1000000	214					3	3	3	3	3	3	3	10	3	3	3	3	3	3	3	10	10	10	10	10	10	10	10	10				
规菩 付捞胶磐		347	2	1000000	1000000	214					3	3	3	3	3	3	3	10	3	3	3	3	3	3	3	10	10	10	10	10	10	10	10	10				
补给品合成大师		351	2	0	0						2	2	2	2	2	2	2	2	2	2	2	2	2	2	2	4	4	4	4	4	4	4	4					
厨师		352	2	100	0	215					2	2	2	2	2	2	2	2	2	2	2	2	2	2	2	6	6	6	6	6	6	6	6	4				
资深大厨师		353	2	200	0	215					3	3	3	3	3	3	3	3	3	3	3	3	3	3	3	8	8	8	8	8	8	8	8	6				
御用厨师		354	2	500	0	215					3	3	3	3	3	3	3	3	3	3	3	3	3	3	3	10	10	10	10	10	10	10	10	8				
料理铁人		355	2	1000000	1000000	215					3	3	3	3	3	3	3	3	3	3	3	3	3	3	3	10	10	10	10	10	10	10	10	10				
炼府狼 沥拳		356	2	1000000	1000000	215					3	3	3	3	3	3	3	3	3	3	3	3	3	3	3	10	10	10	10	10	10	10	10	10				
侥脚		357	2	1000000	1000000	215					3	3	3	3	3	3	3	3	3	3	3	3	3	3	3	10	10	10	10	10	10	10	10	10				
补给品合成大师		361	2	0	0						2	2	2	2	2	2	2	2	2	2	2	2	2	2	2	4	4	4	4	4	4	4	4					
药剂师		362	2	100	0	216					2	2	2	2	2	2	2	2	2	2	2	2	2	2	2	6	6	6	6	6	6	6	6	4				
资深药剂大师		363	2	200	0	216					3	3	3	3	3	3	3	3	3	3	3	3	3	3	3	8	8	8	8	8	8	8	8	6				
御用药剂师		364	2	500	0	216					3	3	3	3	3	3	3	3	3	3	3	3	3	3	3	10	10	10	10	10	10	10	10	8				
炼金术士		365	2	1000000	1000000	216					3	3	3	3	3	3	3	3	3	3	3	3	3	3	3	10	10	10	10	10	10	10	10	10				
距狼 沥拳		366	2	1000000	1000000	216					3	3	3	3	3	3	3	3	3	3	3	3	3	3	3	10	10	10	10	10	10	10	10	10				
距己		367	2	1000000	1000000	216					3	3	3	3	3	3	3	3	3	3	3	3	3	3	3	10	10	10	10	10	10	10	10	10				
修理鉴定大师		371	2	0	0						2	2	2	2	2	2	2	2	2	2	2	2	2	2	2	4	4	4	4	4	4	4	4					
武器修理工		372	2	100	0	217					2	2	2	2	2	2	2	2	2	2	2	2	2	2	2	6	6	6	6	6	6	6	6	4				
资深武器修理师傅		373	2	200	0	217					3	3	3	3	3	3	3	3	3	3	3	3	3	3	3	8	8	8	8	8	8	8	8	6				
御用武器修理师		374	2	500	0	217					3	3	3	3	3	3	3	3	3	3	3	3	3	3	3	10	10	10	10	10	10	10	10	8				
武器修理专家		375	2	1000000	1000000	217					3	3	3	3	3	3	3	3	3	3	3	3	3	3	3	10	10	10	10	10	10	10	10	10				
公扁荐府狼 檬牢		376	2	1000000	1000000	217					3	3	3	3	3	3	3	3	3	3	3	3	3	3	3	10	10	10	10	10	10	10	10	10				
檬例沥公扁荐府		377	2	1000000	1000000	217					3	3	3	3	3	3	3	3	3	3	3	3	3	3	3	10	10	10	10	10	10	10	10	10				
修理鉴定大师		381	2	0	0						2	2	2	2	2	2	2	2	2	2	2	2	2	2	2	4	4	4	4	4	4	4	4					
防具修理工		382	2	100	0	218					2	2	2	2	2	2	2	2	2	2	2	2	2	2	2	6	6	6	6	6	6	6	6	4				
资深防具修理师傅		383	2	200	0	218					3	3	3	3	3	3	3	3	3	3	3	3	3	3	3	8	8	8	8	8	8	8	8	6				
御用防具修理师		384	2	500	0	218					3	3	3	3	3	3	3	3	3	3	3	3	3	3	3	10	10	10	10	10	10	10	10	8				
防具修理专家		385	2	1000000	1000000	218					3	3	3	3	3	3	3	3	3	3	3	3	3	3	3	10	10	10	10	10	10	10	10	10				
规绢备荐府狼 檬牢		386	2	1000000	1000000	218					3	3	3	3	3	3	3	3	3	3	3	3	3	3	3	10	10	10	10	10	10	10	10	10				
泵必狼 规绢备荐府		387	2	1000000	1000000	218					3	3	3	3	3	3	3	3	3	3	3	3	3	3	3	10	10	10	10	10	10	10	10	10				
修理鉴定大师		391	2	0	0						2	2	2	2	2	2	2	2	2	2	2	2	2	2	2	4	4	4	4	4	4	4	4					
鉴定师		392	2	100	0	219					2	2	2	2	2	2	2	2	2	2	2	2	2	2	2	6	6	6	6	6	6	6	6	4				
资深鉴定师		393	2	200	0	219					3	3	3	3	3	3	3	3	3	3	3	3	3	3	3	8	8	8	8	8	8	8	8	6				
御用鉴定师		394	2	500	0	219					3	3	3	3	3	3	3	3	3	3	3	3	3	3	3	10	10	10	10	10	10	10	10	8				
鉴定大师		395	2	1000000	1000000	219					3	3	3	3	3	3	3	3	3	3	3	3	3	3	3	10	10	10	10	10	10	10	10	10				
救己		396	2	1000000	1000000	219					3	3	3	3	3	3	3	3	3	3	3	3	3	3	3	10	10	10	10	10	10	10	10	10				
脚狼 传		397	2	1000000	1000000	219					3	3	3	3	3	3	3	3	3	3	3	3	3	3	3	10	10	10	10	10	10	10	10	10				
见习印刻师		401	2	0	0						2	2	2	2	2	2	2	2	2	2	2	2	2	2	2	4	4	4	4	4	4	4	4					
印刻师		402	2	100	0	220					2	2	2	2	2	2	2	2	2	2	2	2	2	2	2	6	6	6	6	6	6	6	6	4				
资深印刻师		403	2	200	0	220					3	3	3	3	3	3	3	3	3	3	3	3	3	3	3	8	8	8	8	8	8	8	8	6				
御用印刻师		404	2	500	0	220					3	3	3	3	3	3	3	3	3	3	3	3	3	3	3	10	10	10	10	10	10	10	10	8				
悼炼		405	2	1000000	1000000	220					3	3	3	3	3	3	3	3	3	3	3	3	3	3	3	10	10	10	10	10	10	10	10	10				
篮炼		406	2	1000000	1000000	220					3	3	3	3	3	3	3	3	3	3	3	3	3	3	3	10	10	10	10	10	10	10	10	10				
陛炼		407	2	1000000	1000000	220					3	3	3	3	3	3	3	3	3	3	3	3	3	3	3	10	10	10	10	10	10	10	10	10				
侦探		411	2	0	0						2	2	2	2	2	2	2	2	2	2	2	2	2	2	2	4	4	4	4	4	4	4	4					
资深侦探		412	2	100	0	221					3	3	3	3	3	3	3	3	3	3	3	3	3	3	3	6	6	6	6	6	6	6	6	4				
超级侦探		413	2	200	0	221					4	4	4	4	4	4	4	4	4	4	4	4	4	4	4	8	8	8	8	8	8	8	8	6				
名侦探		414	2	0	500	221					6	6	6	6	6	6	7	6	6	6	6	6	6	6	6	10	10	10	10	10	10	10	10	8				
外挂职业		415	2	1000000	1000000	221					0	0	0	0	0	0	0	0	0	0	0	0	0	0	0	0	0	0	0	0	0	0	0					
外挂职业		416	2	1000000	1000000	221					0	0	0	0	0	0	0	0	0	0	0	0	0	0	0	0	0	0	0	0	0	0	0					
外挂职业		417	2	1000000	1000000	221					0	0	0	0	0	0	0	0	0	0	0	0	0	0	0	0	0	0	0	0	0	0	0					
道童		421	2	0	0						2	2	2	2	2	2	2	2	2	2	2	2	2	2	2	4	4	4	4	4	4	4	4					
道士		422	2	100	0	222					3	3	3	3	3	3	3	3	3	3	3	3	3	3	3	6	6	6	6	6	6	6	6	4				
半仙		423	2	200	0	222					4	4	4	4	4	4	4	4	4	4	4	4	4	4	4	8	8	8	8	8	8	8	8	6				
仙人		424	2	500	0	222					6	6	6	6	6	6	7	6	6	6	6	6	6	6	6	10	10	10	10	10	10	10	10	8				
外挂职业		425	2	1000000	1000000	222					0	0	0	0	0	0	0	0	0	0	0	0	0	0	0	0	0	0	0	0	0	0	0	0				
外挂职业		426	2	1000000	1000000	222					0	0	0	0	0	0	0	0	0	0	0	0	0	0	0	0	0	0	0	0	0	0	0	0				
外挂职业		427	2	1000000	1000000	222					0	0	0	0	0	0	0	0	0	0	0	0	0	0	0	0	0	0	0	0	0	0	0	0				
护士		431	2	0	0						2	2	2	2	2	4	6	1	0	6	0	6	2	0	6	4	4	4	4	4	4	4	4					
资深护士		432	2	100	0	223					2	2	2	2	2	5	8	2	0	8	0	8	2	0	8	6	6	6	6	6	6	6	6	4				
护士长		433	2	200	0	223					3	3	3	3	3	6	10	3	0	10	0	10	3	0	10	8	8	8	8	8	8	8	8	6				
白衣天使		434	2	500	0	223					5	5	5	5	5	7	11	4	0	11	0	11	4	0	11	10	10	10	10	10	10	10	10	8				
外挂职业		435	2	1000000	1000000	223					0	0	0	0	0	0	0	0	0	0	0	0	0	0	0	0	0	0	0	0	0	0	0	0				
外挂职业		436	2	1000000	1000000	223					0	0	0	0	0	0	0	0	0	0	0	0	0	0	0	0	0	0	0	0	0	0	0	0				
外挂职业		437	2	1000000	1000000	223					0	0	0	0	0	0	0	0	0	0	0	0	0	0	0	0	0	0	0	0	0	0	0	0				
医师		441	2	0	0						2	2	2	2	2	6	4	1	0	6	0	6	2	0	6	4	4	4	4	4	4	4	4					
资深医师		442	2	100	0	224					2	2	2	2	2	8	5	2	0	8	0	8	2	0	8	6	6	6	6	6	6	6	6	4				
名医师		443	2	200	0	224					3	3	3	3	3	10	6	3	0	10	0	10	3	0	10	8	8	8	8	8	8	8	8	6				
御医		444	2	500	0	224					4	4	4	4	4	11	7	4	0	11	0	11	4	0	11	10	10	10	10	10	10	10	10	8				
外挂职业		445	2	1000000	1000000	224					0	0	0	0	0	0	0	0	0	0	0	0	0	0	0	0	0	0	0	0	0	0	0	0				
外挂职业		446	2	1000000	1000000	224					0	0	0	0	0	0	0	0	0	0	0	0	0	0	0	0	0	0	0	0	0	0	0	0				
外挂职业		447	2	1000000	1000000	224					0	0	0	0	0	0	0	0	0	0	0	0	0	0	0	0	0	0	0	0	0	0	0	0				
采集大师		451	2	0	0						2	2	2	2	2	2	2	2	2	2	2	2	2	2	2	4	4	4	4	4	4	4	4					
樵夫		452	2	100	0	225					2	2	2	2	2	2	2	2	2	2	2	2	2	2	2	6	6	6	6	6	6	6	6	4				
资深樵夫		453	2	200	0	225					3	3	3	3	3	3	3	3	3	3	3	3	3	3	3	8	8	8	8	8	8	8	8	6				
御用樵夫		454	2	500	0	225					4	4	4	4	4	4	4	4	4	4	4	4	4	4	4	10	10	10	10	10	10	10	10	8				
超级樵夫		455	2	1000000	1000000	225					3	3	3	3	3	3	3	3	3	3	3	3	3	3	3	10	10	10	10	10	10	10	10	10				
窍捞欺 唱公槽		456	2	1000000	1000000	225					3	3	3	3	3	3	3	3	3	3	3	3	3	3	3	10	10	10	10	10	10	10	10	10				
泵必狼 唱公槽		457	2	1000000	1000000	225					3	3	3	3	3	3	3	3	3	3	3	3	3	3	3	10	10	10	10	10	10	10	10	10				
采集大师		461	2	0	0						2	2	2	2	2	2	2	2	2	2	2	2	2	2	2	4	4	4	4	4	4	4	4					
猎人		462	2	100	0	226					2	2	2	2	2	2	2	2	2	2	2	2	2	2	2	6	6	6	6	6	6	6	6	4				
资深猎人		463	2	200	0	226					3	3	3	3	3	3	3	3	3	3	3	3	3	3	3	8	8	8	8	8	8	8	8	6				
御用猎人		464	2	500	0	226					4	4	4	4	4	4	4	4	4	4	4	4	4	4	4	10	10	10	10	10	10	10	10	8				
超级猎人		465	2	1000000	1000000	226					3	3	3	3	3	3	3	3	3	3	3	3	3	3	3	10	10	10	10	10	10	10	10	10				
剑狼 荤恩		466	2	1000000	1000000	226					3	3	3	3	3	3	3	3	3	3	3	3	3	3	3	10	10	10	10	10	10	10	10	10				
剑狼 沥拳		467	2	1000000	1000000	226					3	3	3	3	3	3	3	3	3	3	3	3	3	3	3	10	10	10	10	10	10	10	10	10				
采集大师		471	2	0	0						2	2	2	2	2	2	2	2	2	2	2	2	2	2	2	4	4	4	4	4	4	4	4					
矿工		472	2	100	0	227					2	2	2	2	2	2	2	2	2	2	2	2	2	2	2	6	6	6	6	6	6	6	6	4				
资深矿工		473	2	200	0	227					3	3	3	3	3	3	3	3	3	3	3	3	3	3	3	8	8	8	8	8	8	8	8	6				
御用矿工		474	2	500	0	227					4	4	4	4	4	4	4	4	4	4	4	4	4	4	4	10	10	10	10	10	10	10	10	8				
大地的语者		475	2	1000000	1000000	227					3	3	3	3	3	3	3	3	3	3	3	3	3	3	3	10	10	10	10	10	10	10	10	10				
措瘤甫 酒绰 磊		476	2	1000000	1000000	227					3	3	3	3	3	3	3	3	3	3	3	3	3	3	3	10	10	10	10	10	10	10	10	10				
顶狼 沥拳		477	2	1000000	1000000	227					3	3	3	3	3	3	3	3	3	3	3	3	3	3	3	10	10	10	10	10	10	10	10	10				
神		481	1	0	0						10	10	10	10	10	10	10	10	10	10	10	10	10	10	10	10	10	10	10	10	10	10	10	10